重投影误差1：0.408195像素

第1幅图像的平均误差：0.0261723像素
第2幅图像的平均误差：0.165717像素
第3幅图像的平均误差：0.0231186像素
第4幅图像的平均误差：0.0265232像素
第5幅图像的平均误差：0.0217291像素
第6幅图像的平均误差：0.0245826像素
第7幅图像的平均误差：0.0320187像素
第8幅图像的平均误差：0.0330032像素
第9幅图像的平均误差：0.0410246像素
第10幅图像的平均误差：0.0228443像素
第11幅图像的平均误差：0.0278993像素
第12幅图像的平均误差：0.0630952像素
第13幅图像的平均误差：0.0239332像素
重投影误差2：0.408195像素

重投影误差3：0.040897像素

相机内参数矩阵：
[536.4527150357452, 0, 342.3673157918154;
 0, 536.4048645322046, 235.543253012468;
 0, 0, 1]

畸变系数：
[-0.2786674418587, 0.06725182392985768, 0.001822677105298075, -0.0003437522547088472, 0]


第1幅图像的旋转向量：
[-1.984197870941997;
 -2.011311440511876;
 0.1079536898459157]
第1幅图像的旋转矩阵：
[0.009838222912168737, 0.9622071736591801, -0.2721407068572105;
 0.9858086587737124, 0.03627795364029696, 0.1639060656792354;
 0.1675843001498167, -0.2698912096354458, -0.9481952527326911]
第1幅图像的平移向量：
[-90.33209895524041;
 -130.729782568733;
 479.9230525318127]

第2幅图像的旋转向量：
[-2.432109752046095;
 -0.2074594506091679;
 0.1965955085669603]
第2幅图像的旋转矩阵：
[0.9758958925200758, 0.09761054882713946, -0.1951906445506793;
 0.2001538055382624, -0.7567951245282257, 0.6222536409044617;
 -0.08698080875110573, -0.6463229225766109, -0.758090376314745]
第2幅图像的平移向量：
[-70.35949485137185;
 99.56639687099043;
 424.7210739861854]

第3幅图像的旋转向量：
[1.731023072550104;
 2.496183873460933;
 -0.499962845462527]
第3幅图像的旋转矩阵：
[-0.3663025150180943, 0.9211780134304457, -0.1313527124339524;
 0.9007079451785862, 0.3155932386748422, -0.2985399557762631;
 -0.2335544154658349, -0.2276663683442548, -0.9453149526699292]
第3幅图像的平移向量：
[-47.87373657716879;
 -120.488449953406;
 381.995773138037]

第4幅图像的旋转向量：
[-2.142892701458904;
 -2.138303443157119;
 0.3774327474189602]
第4幅图像的旋转矩阵：
[-0.01110446521611363, 0.9714294388777378, -0.2370686316954385;
 0.9938883165579533, -0.01531794242397089, -0.1093223437797303;
 -0.1098303467255828, -0.2368337094283229, -0.9653222721022027]
第4幅图像的平移向量：
[-118.1476128253553;
 -80.7763112529662;
 397.2450126127919]

第5幅图像的旋转向量：
[-0.3413442287220044;
 -2.948290300019627;
 0.7151415154483343]
第5幅图像的旋转矩阵：
[-0.9711183761417563, 0.1947865926428675, -0.1377943498347445;
 0.2362719981731772, 0.8655180768422158, -0.4416491837857367;
 0.03323616101556429, -0.4614505845547656, -0.8865431267654229]
第5幅图像的平移向量：
[70.13333762839642;
 -138.3640097894035;
 380.8294749929605]

第6幅图像的旋转向量：
[0.1479030672858149;
 -2.689275968963834;
 -0.08908265332133065]
第6幅图像的旋转矩阵：
[-0.8961141961298429, -0.0898842023741316, -0.434626480622306;
 -0.1184497321061952, 0.9921928136859508, 0.03902667592721187;
 0.4277253890740368, 0.08645374852210394, -0.8997648253337873]
第6幅图像的平移向量：
[200.6547499226752;
 -78.67181308044798;
 404.0730878501742]

第7幅图像的旋转向量：
[0.4459916025171141;
 -2.783586287691228;
 0.1435004315561594]
第7幅图像的旋转矩阵：
[-0.9009258321805121, -0.3196991403180806, -0.2934707900110877;
 -0.2878263316828055, 0.9462919483064417, -0.1472669391289764;
 0.3247901594874318, -0.0482079687425036, -0.9445566918135991]
第7幅图像的平移向量：
[23.36789499425398;
 -86.16010781386717;
 467.5562693064686]

第8幅图像的旋转向量：
[0.303634717388605;
 -2.840898211379475;
 0.5116451341105756]
第8幅图像的旋转矩阵：
[-0.9499847986092609, -0.2436070690594462, -0.1954084908994188;
 -0.160125574209925, 0.9171620971551614, -0.3649294288295852;
 0.2681206498859493, -0.3153875131425017, -0.9102977719727344]
第8幅图像的平移向量：
[94.80153393316434;
 -105.5163539676543;
 380.2068895393994]

第9幅图像的旋转向量：
[1.916455295132593;
 2.194253899537508;
 0.6575861829966243]
第9幅图像的旋转矩阵：
[-0.169450691349988, 0.903239465303078, 0.3942650523696224;
 0.9712040899520586, 0.08505858356857254, 0.2225480914807;
 0.1674785922480989, 0.4206227593465648, -0.8916430986994051]
第9幅图像的平移向量：
[-79.66300747717005;
 -97.20709705051769;
 334.1723628350516]

第10幅图像的旋转向量：
[0.2413698412667861;
 2.528380051833763;
 0.0690441846169027]
第10幅图像的旋转矩阵：
[-0.8084266364358408, 0.1571503065383013, 0.5672302483612373;
 0.1878725001458714, 0.9821837771449486, -0.004353343797674027;
 -0.5578084771585785, 0.1030476058343868, -0.8235477483071812]
第10幅图像的平移向量：
[56.21497917604136;
 -133.1888945044118;
 405.8951448543226]

第11幅图像的旋转向量：
[-0.02959092019879283;
 -3.018227206886374;
 0.5722880338187479]
第11幅图像的旋转矩阵：
[-0.9974042640249071, 0.005976879789644892, -0.07175660954165618;
 0.03182929975119782, 0.9304957624517816, -0.3649171573612643;
 0.06458815512369097, -0.366253891402204, -0.9282706810249156]
第11幅图像的平移向量：
[60.85977035004471;
 -123.103637285388;
 386.8503739076232]

第12幅图像的旋转向量：
[-0.4429350582297186;
 -2.898188432952991;
 -0.7395556295703153]
第12幅图像的旋转矩阵：
[-0.950287207787518, 0.3086170611024529, -0.04134890944012178;
 0.2510697216638721, 0.8379998154338756, 0.484479415658104;
 0.1841689919042517, 0.450013131952032, -0.8738249043668271]
第12幅图像的平移向量：
[40.37799884458279;
 -109.9796997676631;
 350.112157673504]

第13幅图像的旋转向量：
[0.2685120917388939;
 2.695945742536973;
 0.2715714975187308]
第13幅图像的旋转矩阵：
[-0.8949962208159964, 0.1462893418059764, 0.4214038362415066;
 0.2273962741727521, 0.9623550007644412, 0.1488750717750395;
 -0.3837612528870455, 0.2290682888957938, -0.8945697400454133]
第13幅图像的平移向量：
[53.95830265016902;
 -129.7983533669666;
 375.1615622162092]

